inst num_v num_e num_t custo tempo
steinb1 50 63 9 59 0.05
steinb5 50 100 13 148 0.08
steinb9 75 94 38 257 0.21
steinb12 75 150 38 516 0.26
steinb13 100 125 17 133 0.17
steinb17 100 200 25 390 0.25
steinc3 500 625 83 688 2.70
steinc6 500 1000 5 83 0.28
steinc15 500 2500 250 10045 12.59
steinc18 500 12500 83 20277 19.56
steind2 1000 1250 10 61 0.84
steind9 1000 2000 250 4301 17.32
steind11 1000 5000 5 297 1.02
steind20 1000 25000 500 103059 176.87
steine5 2500 3125 1250 9117 173.67
steine7 2500 5000 10 187 2.57
steine14 2500 12500 625 29862 190.96
steine18 2500 62500 417 105308 585.66
teste1 6 9 3 30 0.01
